1 256
2 256
3 256
4 233
5 256
6 256
7 256
8 233
9 256
10 256
11 256
12 233
13 256
14 256
15 256
16 233
17 256
18 256
19 256
20 233
21 256
22 256
23 256
24 233
25 256
26 256
27 256
28 233
29 256
30 256
31 256
32 233
33 256
34 256
35 256
36 233
37 256
38 256
39 256
40 233
41 256
42 256
43 256
44 233
45 256
46 256
47 256
48 233
49 256
50 256
51 256
52 233
53 256
54 256
55 256
56 233
57 256
58 256
59 256
60 233
61 256
62 256
63 256
64 233
65 256
66 256
67 256
68 256
69 188
70 256
71 256
72 256
73 256
74 188
75 256
76 256
77 256
78 256
79 188
80 256
81 256
82 256
83 233
84 256
85 256
86 256
87 233
88 256
89 256
90 256
91 233
92 256
93 256
94 256
95 233
96 256
97 256
98 256
99 233
100 256
101 256
102 256
103 233
104 256
105 256
106 256
107 233
108 256
109 256
110 256
111 233
112 256
113 256
114 256
115 233
116 256
117 256
118 256
119 233
120 256
121 256
122 256
123 233
124 256
125 256
126 256
127 233
128 256
129 256
130 256
131 233
132 256
133 256
134 256
135 233
136 256
137 256
138 256
139 233
140 256
141 256
142 256
143 233
144 256
145 256
146 256
147 233
148 256
149 256
150 256
151 233
152 256
153 256
154 256
155 256
156 256
157 256
158 256
159 256