1 256
2 256
3 256
4 256
5 256
6 256
7 256
8 256
9 256
10 256
11 256
12 256
13 256
14 256
15 256
16 256
17 256
18 256
19 256
20 256
21 256
22 256
23 256
24 256
25 256
26 256
27 256
28 256
29 256
30 256
31 256
32 256
33 256
34 256
35 256
36 256
37 256
38 256
39 256
40 256
41 256
42 256
43 256
44 256
45 256
46 256
47 256
48 256
49 256
50 256
51 220
52 256
53 256
54 256
55 256
56 256
57 256
58 256
59 210
60 256
61 256
62 256
63 256
64 256
65 256
66 256
67 208
68 256
69 256
70 256
71 256
72 256
73 256
74 256
75 208
76 256
77 256
78 256
79 256
80 256
81 256
82 256
83 208
84 256
85 256
86 256
87 256
88 256
89 256
90 256
91 256
92 256
93 256
94 256
95 256
96 221
97 256
98 256
99 256
100 256
101 256
102 220
103 256
104 256
105 256
106 256
107 188
108 256
109 256
110 256
111 256
112 256
113 256
114 256
115 256
116 256
117 256
118 256
119 256
120 256
121 256
122 256
123 256
124 256
125 256
126 256
127 256
128 256
129 256
130 256
131 242
132 256
133 256
134 256
135 242
136 256
137 256
138 256
139 233
140 256
141 255
142 111
143 111
144 111
145 111
146 111
147 111
148 111
149 111
150 111
151 111
152 111
153 111
154 111
155 111
156 111
157 111
158 111
159 111
160 111
161 101
162 101
163 101
164 100
165 100
166 88
167 82
168 78
169 78
170 77
171 76
172 76
173 66
174 27
175 24
176 20
177 11
178 10
179 10
180 10
181 10
182 10
183 10
184 10
185 10
186 10
187 10
188 10
189 10
190 10
191 10
192 10
193 10
194 10
195 10
196 10
197 10
198 10
199 10
200 10
201 10
202 10
203 10
204 10
205 10
206 10
207 10
208 10
209 10
210 10
211 10
212 10
213 10
214 10
215 10
216 10
217 10
218 10
219 10
220 10
221 10
222 10
223 10
224 10
225 10
226 10
227 10
228 10
229 10
230 10
231 10
232 10
233 10
234 10
235 10
236 10
237 10
238 10
239 10
240 10
241 10
242 10
243 10
244 10
245 10
246 10
247 10
248 10
249 10
250 10
251 10
252 10
253 10
254 10
255 10
256 10
257 10
258 10
259 10
260 10
261 10
262 10
263 10
264 10
265 10
266 10
267 10
268 10
269 10
270 10
271 10
272 10
273 10
274 10
275 10
276 10
277 10
278 10
279 10
280 10
281 10
282 10
283 10
284 10
285 10
286 10
287 10
288 10
289 10
290 10
291 10
292 10
293 10
294 10
295 10
296 10
297 10
298 10
299 10
300 10
301 10
302 10
303 10
304 10
305 10
306 10
307 10
308 10
309 10
310 10
311 10
312 10
313 10
314 10
315 10
316 10
317 10
318 10
319 10
320 10
321 10
322 10
323 10
324 10
325 10
326 10
327 10
328 10
329 10
330 10
331 10
332 10
333 10
334 10
335 10
336 10
337 10
338 10
339 10
340 10
341 10
342 10
343 10
344 10
345 10
346 10
347 10
348 10
349 10
350 10
351 10
352 10
353 10
354 10
355 10
356 10
357 10
358 10
359 10
360 10
361 10
362 10
363 10
364 10
365 10
366 10
367 10
368 10
369 10
370 10
371 10
372 10
373 10
374 10
375 10
376 10
377 10
378 10
379 10
380 10
381 10
382 10
383 10
384 10
385 10
386 10
387 10
388 10
389 10
390 10
391 10
392 10
393 10
394 10
395 10
396 10
397 10
398 10
399 10
400 10
401 10
402 10
403 10
404 10
405 10
406 10
407 10
408 10
409 10
410 10
411 10
412 10
413 10
414 10
415 10
416 10
417 10
418 10
419 10
420 10
421 10
422 10
423 10
424 10
425 10
426 10
427 10
428 10
429 10
430 10
431 10
432 10
433 10
434 10
435 10
436 10
437 10
438 10
439 10
440 10
441 10
442 10
443 10
444 10
445 10
446 10
447 10
448 10
449 5
450 5
451 5
452 5
453 5
454 5
455 5
456 5
457 5
458 5
459 5
460 5
461 5
462 5
463 5
464 4
465 4
466 4
467 4
468 3
469 3
470 3
471 3
472 3
473 3