1 100
2 256
3 256
4 256
5 256
6 76
7 20
8 256
9 245
10 256
11 244
12 256
13 256
14 256
15 256
16 76
17 256
18 255
19 256
20 256
21 256
22 256
23 77
24 256
25 256
26 256
27 256
28 78
29 256
30 256
31 256
32 256
33 256
34 220
35 256
36 256
37 256
38 256
39 256
40 221
41 256
42 256
43 256
44 242
45 256
46 244
47 10
48 10
49 256
50 256
51 256
52 256
53 256
54 256
55 256
56 208
57 256
58 245
59 256
60 256
61 256
62 242
63 256
64 256
65 256
66 256
67 256
68 256
69 256
70 220
71 256
72 244
73 256
74 256
75 256
76 256
77 256
78 256
79 256
80 208
81 10
82 11
83 256
84 244
85 256
86 256
87 256
88 256
89 256
90 256
91 256
92 208
93 256
94 256
95 256
96 233
97 256
98 256
99 256
100 256
101 256
102 256
103 256
104 210
105 10
106 256
107 256
108 256
109 232
110 256
111 254
112 256
113 256
114 88
115 256
116 256
117 256
118 256
119 256
120 256
121 256
122 256
123 256
124 256
125 82
126 10
127 256
128 244
129 256
130 256
131 256
132 256
133 188
134 100
135 111
136 100
137 256
138 256
139 256
140 256
141 256
142 256
143 256
144 256
145 256
146 256
147 256
148 256
149 256
150 256
151 27
152 256
153 256
154 256
155 256
156 256
157 256
158 66
159 256
160 256
161 256
162 233
163 101
164 256
165 244
166 256
167 256
168 256
169 256
170 256
171 256
172 256
173 256
174 256
175 256
176 256
177 256
178 256
179 256
180 256
181 256
182 24
