1 10
2 10
3 10
4 10
5 10
6 11
7 20
8 100
9 100
10 100
11 101
12 111
13 256
14 244
15 256
16 244
17 256
18 244
19 256
20 244
21 256
22 244
23 256
24 244
25 256
26 245
27 256
28 245
29 256
30 254
31 256
32 255
33 256
34 256
35 88
36 256
37 256
38 256
39 232
40 256
41 256
42 256
43 233
44 256
45 256
46 256
47 233
48 256
49 256
50 256
51 242
52 256
53 256
54 256
55 242
56 256
57 256
58 256
59 256
60 76
61 256
62 256
63 256
64 256
65 76
66 256
67 256
68 256
69 256
70 77
71 256
72 256
73 256
74 256
75 78
76 256
77 256
78 256
79 256
80 188
81 256
82 256
83 256
84 256
85 256
86 220
87 256
88 256
89 256
90 256
91 256
92 221
93 256
94 256
95 256
96 256
97 256
98 256
99 66
100 256
101 256
102 256
103 256
104 256
105 256
106 256
107 208
108 256
109 256
110 256
111 256
112 256
113 256
114 256
115 208
116 256
117 256
118 256
119 256
120 256
121 256
122 256
123 208
124 256
125 256
126 256
127 256
128 256
129 256
130 256
131 210
132 256
133 256
134 256
135 256
136 256
137 256
138 256
139 220
140 256
141 256
142 256
143 256
144 256
145 256
146 256
147 256
148 256
149 256
150 82
151 256
152 256
153 256
154 256
155 256
156 256
157 256
158 256
159 256
160 256
161 256
162 256
163 256
164 256
165 27
166 256
167 256
168 256
169 256
170 256
171 256
172 256
173 256
174 256
175 256
176 256
177 256
178 256
179 256
180 256
181 256
182 24
